1 1 0 1 1 1 1 1 
1 0 1 0 0 0 0 1 
1 0 1 1 1 1 0 1 
0 0 0 0 0 0 0 1 
1 0 1 0 1 0 0 1 
1 0 0 0 1 0 0 1 
1 1 1 1 1 1 1 1 

1 1 0 1 1 1 1 1 
1 0 1 2 0 0 0 1 
1 0 1 1 1 1 0 1 
0 0 0 0 0 0 0 1 
1 0 1 0 1 0 0 1 
1 0 0 0 1 0 0 1 
1 1 1 1 1 1 1 1 

1 1 0 1 1 1 1 1 
1 2 1 2 0 0 0 1 
1 0 1 1 1 1 0 1 
0 0 0 0 0 0 0 1 
1 0 1 0 1 0 0 1 
1 0 0 0 1 0 0 1 
1 1 1 1 1 1 1 1 

1 1 0 1 1 1 1 1 
1 2 1 2 3 0 0 1 
1 0 1 1 1 1 0 1 
0 0 0 0 0 0 0 1 
1 0 1 0 1 0 0 1 
1 0 0 0 1 0 0 1 
1 1 1 1 1 1 1 1 

1 1 0 1 1 1 1 1 
1 2 1 2 3 0 0 1 
1 3 1 1 1 1 0 1 
0 0 0 0 0 0 0 1 
1 0 1 0 1 0 0 1 
1 0 0 0 1 0 0 1 
1 1 1 1 1 1 1 1 

1 1 0 1 1 1 1 1 
1 2 1 2 3 4 0 1 
1 3 1 1 1 1 0 1 
0 0 0 0 0 0 0 1 
1 0 1 0 1 0 0 1 
1 0 0 0 1 0 0 1 
1 1 1 1 1 1 1 1 

1 1 0 1 1 1 1 1 
1 2 1 2 3 4 0 1 
1 3 1 1 1 1 0 1 
0 4 0 0 0 0 0 1 
1 0 1 0 1 0 0 1 
1 0 0 0 1 0 0 1 
1 1 1 1 1 1 1 1 

1 1 0 1 1 1 1 1 
1 2 1 2 3 4 5 1 
1 3 1 1 1 1 0 1 
0 4 0 0 0 0 0 1 
1 0 1 0 1 0 0 1 
1 0 0 0 1 0 0 1 
1 1 1 1 1 1 1 1 

1 1 0 1 1 1 1 1 
1 2 1 2 3 4 5 1 
1 3 1 1 1 1 0 1 
0 4 0 0 0 0 0 1 
1 5 1 0 1 0 0 1 
1 0 0 0 1 0 0 1 
1 1 1 1 1 1 1 1 

1 1 0 1 1 1 1 1 
1 2 1 2 3 4 5 1 
1 3 1 1 1 1 0 1 
0 4 5 0 0 0 0 1 
1 5 1 0 1 0 0 1 
1 0 0 0 1 0 0 1 
1 1 1 1 1 1 1 1 

BFS result: 5

1 1 0 1 1 1 1 1 
1 0 1 0 0 0 0 1 
1 0 1 1 1 1 0 1 
0 0 0 0 0 0 0 1 
1 0 1 0 1 0 0 1 
1 0 0 0 1 0 0 1 
1 1 1 1 1 1 1 1 

1 1 0 1 1 1 1 1 
1 0 1 2 0 0 0 1 
1 0 1 1 1 1 0 1 
0 0 0 0 0 0 0 1 
1 0 1 0 1 0 0 1 
1 0 0 0 1 0 0 1 
1 1 1 1 1 1 1 1 

1 1 0 1 1 1 1 1 
1 0 1 2 3 0 0 1 
1 0 1 1 1 1 0 1 
0 0 0 0 0 0 0 1 
1 0 1 0 1 0 0 1 
1 0 0 0 1 0 0 1 
1 1 1 1 1 1 1 1 

1 1 0 1 1 1 1 1 
1 0 1 2 3 4 0 1 
1 0 1 1 1 1 0 1 
0 0 0 0 0 0 0 1 
1 0 1 0 1 0 0 1 
1 0 0 0 1 0 0 1 
1 1 1 1 1 1 1 1 

1 1 0 1 1 1 1 1 
1 0 1 2 3 4 5 1 
1 0 1 1 1 1 0 1 
0 0 0 0 0 0 0 1 
1 0 1 0 1 0 0 1 
1 0 0 0 1 0 0 1 
1 1 1 1 1 1 1 1 

1 1 0 1 1 1 1 1 
1 0 1 2 3 4 5 1 
1 0 1 1 1 1 6 1 
0 0 0 0 0 0 0 1 
1 0 1 0 1 0 0 1 
1 0 0 0 1 0 0 1 
1 1 1 1 1 1 1 1 

1 1 0 1 1 1 1 1 
1 0 1 2 3 4 5 1 
1 0 1 1 1 1 6 1 
0 0 0 0 0 0 7 1 
1 0 1 0 1 0 0 1 
1 0 0 0 1 0 0 1 
1 1 1 1 1 1 1 1 

1 1 0 1 1 1 1 1 
1 0 1 2 3 4 5 1 
1 0 1 1 1 1 6 1 
0 0 0 0 0 0 7 1 
1 0 1 0 1 0 8 1 
1 0 0 0 1 0 0 1 
1 1 1 1 1 1 1 1 

1 1 0 1 1 1 1 1 
1 0 1 2 3 4 5 1 
1 0 1 1 1 1 6 1 
0 0 0 0 0 0 7 1 
1 0 1 0 1 0 8 1 
1 0 0 0 1 0 9 1 
1 1 1 1 1 1 1 1 

1 1 0 1 1 1 1 1 
1 0 1 2 3 4 5 1 
1 0 1 1 1 1 6 1 
0 0 0 0 0 0 7 1 
1 0 1 0 1 0 8 1 
1 0 0 0 1 10 9 1 
1 1 1 1 1 1 1 1 

1 1 0 1 1 1 1 1 
1 0 1 2 3 4 5 1 
1 0 1 1 1 1 6 1 
0 0 0 0 0 0 7 1 
1 0 1 0 1 11 8 1 
1 0 0 0 1 10 9 1 
1 1 1 1 1 1 1 1 

1 1 0 1 1 1 1 1 
1 0 1 2 3 4 5 1 
1 0 1 1 1 1 6 1 
0 0 0 0 0 12 7 1 
1 0 1 0 1 11 8 1 
1 0 0 0 1 10 9 1 
1 1 1 1 1 1 1 1 

1 1 0 1 1 1 1 1 
1 0 1 2 3 4 5 1 
1 0 1 1 1 1 6 1 
0 0 0 0 13 12 7 1 
1 0 1 0 1 11 8 1 
1 0 0 0 1 10 9 1 
1 1 1 1 1 1 1 1 

1 1 0 1 1 1 1 1 
1 0 1 2 3 4 5 1 
1 0 1 1 1 1 6 1 
0 0 0 14 13 12 7 1 
1 0 1 0 1 11 8 1 
1 0 0 0 1 10 9 1 
1 1 1 1 1 1 1 1 

1 1 0 1 1 1 1 1 
1 0 1 2 3 4 5 1 
1 0 1 1 1 1 6 1 
0 0 0 14 13 12 7 1 
1 0 1 15 1 11 8 1 
1 0 0 0 1 10 9 1 
1 1 1 1 1 1 1 1 

1 1 0 1 1 1 1 1 
1 0 1 2 3 4 5 1 
1 0 1 1 1 1 6 1 
0 0 0 14 13 12 7 1 
1 0 1 15 1 11 8 1 
1 0 0 16 1 10 9 1 
1 1 1 1 1 1 1 1 

1 1 0 1 1 1 1 1 
1 0 1 2 3 4 5 1 
1 0 1 1 1 1 6 1 
0 0 0 14 13 12 7 1 
1 0 1 15 1 11 8 1 
1 0 17 16 1 10 9 1 
1 1 1 1 1 1 1 1 

1 1 0 1 1 1 1 1 
1 0 1 2 3 4 5 1 
1 0 1 1 1 1 6 1 
0 0 0 14 13 12 7 1 
1 0 1 15 1 11 8 1 
1 18 17 16 1 10 9 1 
1 1 1 1 1 1 1 1 

1 1 0 1 1 1 1 1 
1 0 1 2 3 4 5 1 
1 0 1 1 1 1 6 1 
0 0 0 14 13 12 7 1 
1 19 1 15 1 11 8 1 
1 18 17 16 1 10 9 1 
1 1 1 1 1 1 1 1 

1 1 0 1 1 1 1 1 
1 0 1 2 3 4 5 1 
1 0 1 1 1 1 6 1 
0 20 0 14 13 12 7 1 
1 19 1 15 1 11 8 1 
1 18 17 16 1 10 9 1 
1 1 1 1 1 1 1 1 

1 1 0 1 1 1 1 1 
1 0 1 2 3 4 5 1 
1 0 1 1 1 1 6 1 
0 20 21 14 13 12 7 1 
1 19 1 15 1 11 8 1 
1 18 17 16 1 10 9 1 
1 1 1 1 1 1 1 1 

1 1 0 1 1 1 1 1 
1 0 1 2 3 4 5 1 
1 21 1 1 1 1 6 1 
0 20 21 14 13 12 7 1 
1 19 1 15 1 11 8 1 
1 18 17 16 1 10 9 1 
1 1 1 1 1 1 1 1 

1 1 0 1 1 1 1 1 
1 22 1 2 3 4 5 1 
1 21 1 1 1 1 6 1 
0 20 21 14 13 12 7 1 
1 19 1 15 1 11 8 1 
1 18 17 16 1 10 9 1 
1 1 1 1 1 1 1 1 

DFS result:21
1 1 0 1 1 1 1 1 
1 22 1 2 3 4 5 1 
1 21 1 1 1 1 6 1 
0 20 15 14 13 12 7 1 
1 19 1 15 1 11 8 1 
1 18 17 16 1 10 9 1 
1 1 1 1 1 1 1 1 

1 1 0 1 1 1 1 1 
1 22 1 2 3 4 5 1 
1 21 1 1 1 1 6 1 
0 16 15 14 13 12 7 1 
1 19 1 15 1 11 8 1 
1 18 17 16 1 10 9 1 
1 1 1 1 1 1 1 1 

1 1 0 1 1 1 1 1 
1 22 1 2 3 4 5 1 
1 21 1 1 1 1 6 1 
0 16 15 14 13 12 7 1 
1 17 1 15 1 11 8 1 
1 18 17 16 1 10 9 1 
1 1 1 1 1 1 1 1 

1 1 0 1 1 1 1 1 
1 22 1 2 3 4 5 1 
1 17 1 1 1 1 6 1 
0 16 15 14 13 12 7 1 
1 17 1 15 1 11 8 1 
1 18 17 16 1 10 9 1 
1 1 1 1 1 1 1 1 

1 1 0 1 1 1 1 1 
1 18 1 2 3 4 5 1 
1 17 1 1 1 1 6 1 
0 16 15 14 13 12 7 1 
1 17 1 15 1 11 8 1 
1 18 17 16 1 10 9 1 
1 1 1 1 1 1 1 1 

DFS result:17
1 1 0 1 1 1 1 1 
1 18 1 2 3 4 5 1 
1 17 1 1 1 1 6 1 
0 16 15 14 13 12 7 1 
1 17 1 15 1 9 8 1 
1 18 17 16 1 10 9 1 
1 1 1 1 1 1 1 1 

1 1 0 1 1 1 1 1 
1 18 1 2 3 4 5 1 
1 17 1 1 1 1 6 1 
0 16 15 14 13 10 7 1 
1 17 1 15 1 9 8 1 
1 18 17 16 1 10 9 1 
1 1 1 1 1 1 1 1 

1 1 0 1 1 1 1 1 
1 18 1 2 3 4 5 1 
1 17 1 1 1 1 6 1 
0 16 15 14 11 10 7 1 
1 17 1 15 1 9 8 1 
1 18 17 16 1 10 9 1 
1 1 1 1 1 1 1 1 

1 1 0 1 1 1 1 1 
1 18 1 2 3 4 5 1 
1 17 1 1 1 1 6 1 
0 16 15 12 11 10 7 1 
1 17 1 15 1 9 8 1 
1 18 17 16 1 10 9 1 
1 1 1 1 1 1 1 1 

1 1 0 1 1 1 1 1 
1 18 1 2 3 4 5 1 
1 17 1 1 1 1 6 1 
0 16 15 12 11 10 7 1 
1 17 1 13 1 9 8 1 
1 18 17 16 1 10 9 1 
1 1 1 1 1 1 1 1 

1 1 0 1 1 1 1 1 
1 18 1 2 3 4 5 1 
1 17 1 1 1 1 6 1 
0 16 15 12 11 10 7 1 
1 17 1 13 1 9 8 1 
1 18 17 14 1 10 9 1 
1 1 1 1 1 1 1 1 

1 1 0 1 1 1 1 1 
1 18 1 2 3 4 5 1 
1 17 1 1 1 1 6 1 
0 16 15 12 11 10 7 1 
1 17 1 13 1 9 8 1 
1 18 15 14 1 10 9 1 
1 1 1 1 1 1 1 1 

1 1 0 1 1 1 1 1 
1 18 1 2 3 4 5 1 
1 17 1 1 1 1 6 1 
0 16 15 12 11 10 7 1 
1 17 1 13 1 9 8 1 
1 16 15 14 1 10 9 1 
1 1 1 1 1 1 1 1 

1 1 0 1 1 1 1 1 
1 18 1 2 3 4 5 1 
1 17 1 1 1 1 6 1 
0 16 13 12 11 10 7 1 
1 17 1 13 1 9 8 1 
1 16 15 14 1 10 9 1 
1 1 1 1 1 1 1 1 

1 1 0 1 1 1 1 1 
1 18 1 2 3 4 5 1 
1 17 1 1 1 1 6 1 
0 14 13 12 11 10 7 1 
1 17 1 13 1 9 8 1 
1 16 15 14 1 10 9 1 
1 1 1 1 1 1 1 1 

1 1 0 1 1 1 1 1 
1 18 1 2 3 4 5 1 
1 17 1 1 1 1 6 1 
0 14 13 12 11 10 7 1 
1 15 1 13 1 9 8 1 
1 16 15 14 1 10 9 1 
1 1 1 1 1 1 1 1 

1 1 0 1 1 1 1 1 
1 18 1 2 3 4 5 1 
1 15 1 1 1 1 6 1 
0 14 13 12 11 10 7 1 
1 15 1 13 1 9 8 1 
1 16 15 14 1 10 9 1 
1 1 1 1 1 1 1 1 

1 1 0 1 1 1 1 1 
1 16 1 2 3 4 5 1 
1 15 1 1 1 1 6 1 
0 14 13 12 11 10 7 1 
1 15 1 13 1 9 8 1 
1 16 15 14 1 10 9 1 
1 1 1 1 1 1 1 1 

DFS result:15
1 1 0 1 1 1 1 1 
1 16 1 2 3 4 5 1 
1 15 1 1 1 1 6 1 
0 14 13 12 11 8 7 1 
1 15 1 13 1 9 8 1 
1 16 15 14 1 10 9 1 
1 1 1 1 1 1 1 1 

1 1 0 1 1 1 1 1 
1 16 1 2 3 4 5 1 
1 15 1 1 1 1 6 1 
0 14 13 12 9 8 7 1 
1 15 1 13 1 9 8 1 
1 16 15 14 1 10 9 1 
1 1 1 1 1 1 1 1 

1 1 0 1 1 1 1 1 
1 16 1 2 3 4 5 1 
1 15 1 1 1 1 6 1 
0 14 13 10 9 8 7 1 
1 15 1 13 1 9 8 1 
1 16 15 14 1 10 9 1 
1 1 1 1 1 1 1 1 

1 1 0 1 1 1 1 1 
1 16 1 2 3 4 5 1 
1 15 1 1 1 1 6 1 
0 14 13 10 9 8 7 1 
1 15 1 11 1 9 8 1 
1 16 15 14 1 10 9 1 
1 1 1 1 1 1 1 1 

1 1 0 1 1 1 1 1 
1 16 1 2 3 4 5 1 
1 15 1 1 1 1 6 1 
0 14 13 10 9 8 7 1 
1 15 1 11 1 9 8 1 
1 16 15 12 1 10 9 1 
1 1 1 1 1 1 1 1 

1 1 0 1 1 1 1 1 
1 16 1 2 3 4 5 1 
1 15 1 1 1 1 6 1 
0 14 13 10 9 8 7 1 
1 15 1 11 1 9 8 1 
1 16 13 12 1 10 9 1 
1 1 1 1 1 1 1 1 

1 1 0 1 1 1 1 1 
1 16 1 2 3 4 5 1 
1 15 1 1 1 1 6 1 
0 14 13 10 9 8 7 1 
1 15 1 11 1 9 8 1 
1 14 13 12 1 10 9 1 
1 1 1 1 1 1 1 1 

1 1 0 1 1 1 1 1 
1 16 1 2 3 4 5 1 
1 15 1 1 1 1 6 1 
0 14 11 10 9 8 7 1 
1 15 1 11 1 9 8 1 
1 14 13 12 1 10 9 1 
1 1 1 1 1 1 1 1 

1 1 0 1 1 1 1 1 
1 16 1 2 3 4 5 1 
1 15 1 1 1 1 6 1 
0 12 11 10 9 8 7 1 
1 15 1 11 1 9 8 1 
1 14 13 12 1 10 9 1 
1 1 1 1 1 1 1 1 

1 1 0 1 1 1 1 1 
1 16 1 2 3 4 5 1 
1 15 1 1 1 1 6 1 
0 12 11 10 9 8 7 1 
1 13 1 11 1 9 8 1 
1 14 13 12 1 10 9 1 
1 1 1 1 1 1 1 1 

1 1 0 1 1 1 1 1 
1 16 1 2 3 4 5 1 
1 13 1 1 1 1 6 1 
0 12 11 10 9 8 7 1 
1 13 1 11 1 9 8 1 
1 14 13 12 1 10 9 1 
1 1 1 1 1 1 1 1 

1 1 0 1 1 1 1 1 
1 14 1 2 3 4 5 1 
1 13 1 1 1 1 6 1 
0 12 11 10 9 8 7 1 
1 13 1 11 1 9 8 1 
1 14 13 12 1 10 9 1 
1 1 1 1 1 1 1 1 

DFS result:13
1 1 0 1 1 1 1 1 
1 2 1 2 3 4 5 1 
1 13 1 1 1 1 6 1 
0 12 11 10 9 8 7 1 
1 13 1 11 1 9 8 1 
1 14 13 12 1 10 9 1 
1 1 1 1 1 1 1 1 

1 1 0 1 1 1 1 1 
1 2 1 2 3 4 5 1 
1 3 1 1 1 1 6 1 
0 12 11 10 9 8 7 1 
1 13 1 11 1 9 8 1 
1 14 13 12 1 10 9 1 
1 1 1 1 1 1 1 1 

1 1 0 1 1 1 1 1 
1 2 1 2 3 4 5 1 
1 3 1 1 1 1 6 1 
0 4 11 10 9 8 7 1 
1 13 1 11 1 9 8 1 
1 14 13 12 1 10 9 1 
1 1 1 1 1 1 1 1 

1 1 0 1 1 1 1 1 
1 2 1 2 3 4 5 1 
1 3 1 1 1 1 6 1 
0 4 11 10 9 8 7 1 
1 5 1 11 1 9 8 1 
1 14 13 12 1 10 9 1 
1 1 1 1 1 1 1 1 

1 1 0 1 1 1 1 1 
1 2 1 2 3 4 5 1 
1 3 1 1 1 1 6 1 
0 4 11 10 9 8 7 1 
1 5 1 11 1 9 8 1 
1 6 13 12 1 10 9 1 
1 1 1 1 1 1 1 1 

1 1 0 1 1 1 1 1 
1 2 1 2 3 4 5 1 
1 3 1 1 1 1 6 1 
0 4 11 10 9 8 7 1 
1 5 1 11 1 9 8 1 
1 6 7 12 1 10 9 1 
1 1 1 1 1 1 1 1 

1 1 0 1 1 1 1 1 
1 2 1 2 3 4 5 1 
1 3 1 1 1 1 6 1 
0 4 11 10 9 8 7 1 
1 5 1 11 1 9 8 1 
1 6 7 8 1 10 9 1 
1 1 1 1 1 1 1 1 

1 1 0 1 1 1 1 1 
1 2 1 2 3 4 5 1 
1 3 1 1 1 1 6 1 
0 4 11 10 9 8 7 1 
1 5 1 9 1 9 8 1 
1 6 7 8 1 10 9 1 
1 1 1 1 1 1 1 1 

1 1 0 1 1 1 1 1 
1 2 1 2 3 4 5 1 
1 3 1 1 1 1 6 1 
0 4 5 10 9 8 7 1 
1 5 1 9 1 9 8 1 
1 6 7 8 1 10 9 1 
1 1 1 1 1 1 1 1 

1 1 0 1 1 1 1 1 
1 2 1 2 3 4 5 1 
1 3 1 1 1 1 6 1 
0 4 5 6 9 8 7 1 
1 5 1 9 1 9 8 1 
1 6 7 8 1 10 9 1 
1 1 1 1 1 1 1 1 

1 1 0 1 1 1 1 1 
1 2 1 2 3 4 5 1 
1 3 1 1 1 1 6 1 
0 4 5 6 9 8 7 1 
1 5 1 7 1 9 8 1 
1 6 7 8 1 10 9 1 
1 1 1 1 1 1 1 1 

1 1 0 1 1 1 1 1 
1 2 1 2 3 4 5 1 
1 3 1 1 1 1 6 1 
0 4 5 6 7 8 7 1 
1 5 1 7 1 9 8 1 
1 6 7 8 1 10 9 1 
1 1 1 1 1 1 1 1 

DFS result:5
